...98,

2, Astyd. (οὐχ ἕπεται), PhiliSC. 6, Orat. 1,2. 7. 91ε1ςάροτήν),
2. Theocr. 011. 4 (ἐν προχοαῖς) Men. 1, Er. 6,6, Anacr. 94,4,
104, 108,2. 4(καί χίμ.), 113,2. 4. 114, Simon. 0. 84 (ἐν
πολέμῳ), 84,6, (καὶ πατέρων). 85,4. 6. 92. 96,4. 97,2. 4. 100,4.
101, 108,2. 4. 109. 110. 115. 116,4. 119,4. 120 (εἰς θάνατον),
132 (ἐκ πολέμου). 133, 134, 135 (ἐν πελάγει). 135,4. 136
(ἐν πελάγει), 137, 140, 141,2. 142,6(ἐν πελάγει). 143,4. 144,4
(ἐν πολέμῳ) 149, 156 (οὐκ ἔπεσεν), 160, scol. 27, car. pop. 30
(ἐκ Θέτιδος), adesp. 1, 7, 8Α.

7. Voces trisyllabae: Archil. quater 3,2. 9,4. 613. Call.
1,7. 11. 15. Tyrt. 3,3. 4,2. 5,6, 8. 7,2. 10, 6. 8. 10. 12. 20. 24.
11,4. 8. 12. 14. 18. 26. 11,30. 32. 12,4. 6. 1034. 38. 4044
(= Th. 938). 14. As. 2, Pis. 4, Mimn. 2,10. 14. 6. 14,8.10. 15.
Sol. 1. 276. (H.-Orusii), 4. 4,14. 30. 32. 5,6. 7. 9,4. 11,8.13,4.
46. 50. 62. 13,68 (z Th. 588). 14. 20,4, 24,2 (z Th. 720).’

, ffifflssmwfflfflmgmmmmamaamm.

ffifflfflwwssffimfflmeffiQQ

’ QmwQffistQammfflfflmQstmffl,

56, 68, 78, 80, 82, 98, 216, 46, 54, 56, (τὸ τυχεῖν) 62, 72,
ππππωπεῃπωηπππππ
76, 90, 94, 404, 8, 10, 12, 14 (περὶ σοῦ) 20, 24 (τὸ κακόν)
’ππππππωμπππωῃω
μῇῃππηπωπωωππῃπωῃ
ωπππππωπππὼπωωωε
90, 92, 700, 18, 40, 44, 52, 64, 66, 70, 78, 80, 84, 80410,
20, 22, 28, 34, 36, 38, 40, 44, 50, 52, 56, 58, 72, 74, 76,
πωωωπωππωῃεπωππππ,

70, 72, 78, 82, 88, 1010, 14, 28, 32, 34, 38, 62, 74, 76, 811),
88, 92, 96, 98, 1102, 4, 8, 10, 20, 26, 38, 46, 60, 64, 76, ,
78, 80, 86, 90, 92, 98, 1216, 30, 42, 52, 60, 64 (παρὰ σοί), π

ffiwwmwwfflfflfflssfflfflstmffiwffl.

mfflwfflfflmwmwfflmmm.

4. J0. 1,2. 614. 22410. 3,2. 4,2. 8,2. 4. Mel. 2, Emp.
2,4, Dio. Oh. 1,3. 3,2. 5. Eurip. 2,4, Euen. 1,2 (ἐν ἔθει), 2‚2.
wmmnmmssmfflmwammmm
3, planza 6.11. 242. Philix. 4. 8. Aph. 2, SpeuS. 2, Aristot.
3,1. 4,2. 4. Cleo. 2, Orat. 1,5. 11. Sapph. 118,2 (πρὸ ποδῶν),

 

