Γ496 585490613644 Τὴξεοξῃίε 1)]ξὲἓὲ- Asius Pisander Cleobul. Xenophan. 3
18 985-988 99511003-903-930050-
55- 5-5- 33

ο .-

ἱ1,**608 pentametri. 115 pent. 3tpen. 2pen3. 2pent 12551. 34 pent.
. ‚. ‚ .

515555555
555555
,55555
ι,1555575
5555555
555555
555Μ55
1 m 2

8. 106.110.114.116.124. 908. 912. 1.(Dem0— 4.
1290. 298. 300. 312. 314. 914. 926. docus).

¹. 434. 452. 454. 456. 500. 1210,

2. 622. 626. 628. 630. 634.

,, 772. 784. 808. 812. 814.

180. 982. 990 994. 1032.

12. 1164. 1172. 11801212.

14. 1316. 132013341336.

m ⁶ 111

,55555555
.55555.5
,55555 1
,55555
1555555
.55555
155Μ55Α
555555
555555
555555

4
'¹ 173 3

3. 156.160.164.168. 174. 904. 9061 l· 2· 12.
292. 306. 320. 322. 328. 920. 922.

’ 412. 432. 440. 446. 448. 930.

624. 638. 660. 684. 690.

788. 800. 802. 824. 828.

940. 942. 948. 956. 958.

. 1086. 1094. 1098. 1102.
1258. 1272. 12801286.

 

