-99-

0. 1192, 11149. 9,·1. 99. 11111. 99, 199, 191, 199, 111, 1,4,
1119. 4. Sim. 0. 9919. 19. 99, 991. 4. 99, 91, 99, 944, 999. 4.
99, 99, 99, 191, 199, 1059. 4. 1991914, 9. 111119, 114,
1114, 119, 1141, 1949, 19414,199,4,191,4,199,141,4,

’ 1419. 9. 144, 1499. 4. 141, 199, 194, 191,199,194,9.4.

167,2. 6. 169,Ρ111111. 3, Bacchyl. 48,4, 49,2, Ρ1111ο11. 14. carm.
001140, adesp. 2Β.

VI. V009s bisyllabae: Archil. 71119 3,.4 4,.2 8. 9,2.
12,17, 18, 0911148. 1,1.7 21,2,,24. 1111121. 4,4. 5,4.
6,3 10, 16 26. 28 36. 32 11,2. 6 16. 22. 28 34. 12,8. 14
(z Th. 10041. 16(; Th. 10061. 22. 28. 36. Pis. 2, Μ111111
1,2, 6, 10, 2,4, 12, 16, 3. 5,4 (z Th. 10201. 7,2 (= Th. 7921.
4 (: 2117941. 11,2, 4. 12,10. 14,2. Sol. 4,4. 8. 22. 26. 28.
34. 5,4. 9,6. 11,6. 13,6. 13,8. 14. 16. 22. 243034. 40. 42.
44. 48. 58. 72 (z 1112281. 76 (z Th. 232). 154 (= Th. 318).
244 (= Th. 72212712.14.019ο111111.1,09111911.2,Χ91191111.
1,1.4 2,.4 10 18 4. 5,2 6311199111. 4, 1114, 16,22,36,
38, 42, 44, 52, 56, 74, 84, 86, 88, 94, 98, 120, 122, 130,
132,142, 148158, 160, 816 1911199, 196, 200, 2, 8
(z 10721, 14, 20, 22, 26, 34, 44, 64, 76, 82, 90, 92, 304,
,10,·12,26, 28, 34, 46, 50, 52, 56, 60, 78, 82, 88, 98, 406,
16,18, 22, 32, 36, 42, 44, 46, 64, 66, (1111911. 470, 72, 74,
76, 80, 90, 921, 98, 500, 2, 6, 8, 12, 14, 16, 24, 26, 30, 32,
36, 40 (= 54), 44, 46, 62, 68, 70, 78, 80, ,82, 94, 96, 98,
602,- 12, 14, 22, 28, 40, 60, 62, 64, (1111911668, 70, 801, 86,
88, 94, 96, 98, 704, 16,· 32, 36, 42, 46, 48, 68, 82, 88, 90,
92, 800, 14, 18, 42, 54, 60, 66, 68, 94, 98, 900, 2, 4, 6, 8,
10, 22, 28, 40, 46, 58, 60, 64, 68, 84, 92, 94, 98, 1002, 8,
16, 24, 48, 50, 52, 54, 60, 80, 821), 84, 90, 94, 1106, 12,
14, 18, 28, 30, 36, 54, 56, 62, 68, 72, 74, 88, 1200, 4, 6, 8,
12, 58, 70, 90, 1300, 2, 12,16,20,22, 28, 42 (1111911 13501,
52, 54, 64, 66, 68, 72, 76, 78, 86, 88, Hipp. 1, 91119112,
499911. 2. 3,4. 4,2. 8911111, 4018. 12. 16. Emp. 2,2, 111011.
3,4. 4,2. 4. Ε111111.2,,2 Τ11119. 2. 4. Euen. 1,4. 3. 4. 6. 8.
011115. 2,1.6 24. 28. 4. Α1111111.5, Ρ1.7,6. 9,4. 12,6. 14.17.
18. 30,.2 2911112, Ρ91111.1,.4 2,.2 4. 3. Ast. 2, Ρ1111199. 2,
Α11913,.357.0191.48911111119,4,Ε1·.4,.45,6.86,4.

7*

 

